#1PLIK TESTOWY
#2
#3 tego nie wczytujemy bo to
#4 komentarze
WYMIARY 20 15
#5
#6
#7
#8
#9 tego tez nie
#10
#11 X  Y     Kod Koloru
90	90	99
150	90	99
210	90	99
270	90	99
330	90	99
390	90	99
450	90	99
510	90	99
570	90	99
630	90	99
690	90	99
750	90	99
810	90	99
870	90	99
930	90	99
990	90	99
1050 90	99
1110 90	99
90	150	99
150	150	99
210	150	99
270	150	99
330	150	99
390	150	99
450	150	99
510	150	99
570	150	99
630	150	99
690	150	99
750	150	99
810	150	99
870	150	99
930	150	99
990	150	99
1050 150 99
1110 150 99
90	210	99
150	210	99
210	210	99
270	210	99
330	210	99
390	210	99
450	210	99
510	210	99
570	210	99
630	210	99
690	210	99
750	210	99
810	210	99
870	210	99
930	210	99
990	210	99
1050 210 99
1110 210 99
90	270	99
150	270	99
210	270	99
270	270	99
330	270	99
390	270	99
450	270	99
510	270	99
570	270	99
630	270	99
690	270	99
750	270	99
810	270	99
870	270	99
930	270	99
990	270	99
1050 270 99
1110 270 99
90	330	99
150	330	99
210	330	99
270	330	99
330	330	99
390	330	99
450	330	99
510	330	99
570	330	99
630	330	99
690	330	99
750	330	99
810	330	99
870	330	99
930	330	99
990	330	99
1050 330 99
1110 330 99
90	390	99
150	390	99
210	390	99
270	390	99
330	390	99
390	390	99
450	390	99
510	390	99
570	390	99
630	390	99
690	390	99
750	390	99
810	390	99
870	390	99
930	390	99
990	390	99
1050 390 99
1110 390 99
90	450	99
150	450	99
210	450	99
270	450	99
330	450	99
390	450	99
450	450	99
510	450	99
570	450	99
630	450	99
690	450	99
750	450	99
810	450	99
870	450	99
930	450	99
990	450	99
1050 450 99
1110 450 99
90	510	99
150	510	99
210	510	99
270	510	99
330	510	99
390	510	99
450	510	99
510	510	99
570	510	99
630	510	99
690	510	99
750	510	99
810	510	99
870	510	99
930	510	99
990	510	99
1050 510 99
1110 510 99
90	570	99
150	570	99
210	570	99
270	570	99
330	570	99
390	570	99
450	570	99
510	570	99
570	570	99
630	570	99
690	570	99
750	570	99
810	570	99
870	570	99
930	570	99
990	570	99
1050 570 99
1110 570 99
# nalezy pamietać zeby nie zostawic na dole pustych linijek